ParName   Value   Gradient
theta[3]      6.75505  -0.00517884
M_pars_est[1]     0.259724   0.00224677
M_pars_est[2]            1  3.93913e-06
M_pars_est[3]  -0.00277882 -0.000846288
M_pars_est[4]     0.683007  5.75491e-07
M_pars_est[5]      0.54858  -2.2756e-08
S_pars_est[1]      4.81463  8.46812e-05
S_pars_est[2]      1.93214  4.84119e-05
S_pars_est[3]       4.6523 -1.78262e-05
S_pars_est[4]      1.83965  1.72479e-06
S_pars_est[5]      4.99132 -1.56949e-05
S_pars_est[6]      2.26448 -2.04808e-06
S_pars_est[7]      4.60342  4.54009e-05
S_pars_est[8]      3.03522  1.09879e-05
S_pars_est[9]      4.94524  2.06267e-06
S_pars_est[10]      3.42882  5.42905e-08
S_pars_est[11]      4.86921  2.17736e-06
S_pars_est[12]      3.91202  4.50685e-06
S_pars_est[13]      4.78643  1.99728e-06
S_pars_est[14]      1.93388  7.47838e-07
S_pars_est[15]      4.92793 -1.23204e-06
S_pars_est[16]      2.45995  1.43327e-06
S_pars_est[17]      4.89979 -3.58501e-07
S_pars_est[18]      1.87593  5.54054e-07
S_pars_est[19]      4.77269  7.34353e-06
S_pars_est[20]      2.96986 -1.06206e-05
S_pars_est[21]      4.52594  3.31966e-07
S_pars_est[22]      2.60107  7.69739e-07
S_pars_est[23]      4.73144 -3.82257e-06
S_pars_est[24]      3.49379 -2.01027e-06
S_pars_est[25]      4.93207   0.00136043
S_pars_est[26]       1.3907  0.000117787
log_fbar[1]     -1.96457 -0.000566127
log_fbar[2]     -4.17396  0.000151639
log_fbar[3]     -4.72345   9.2714e-05
log_fbar[4]      -4.8458  0.000235548
log_fdev[1](1)     -1.94781 -2.01133e-05
log_fdev[1](2)     -1.70469 -1.75233e-05
log_fdev[1](3)    0.0668904  8.51397e-06
log_fdev[1](4)     0.460942  3.98191e-05
log_fdev[1](5)      1.06187  7.22536e-05
log_fdev[1](6)      1.18449   1.0148e-05
log_fdev[1](7)      1.10116 -0.000105152
log_fdev[1](8)     0.936275 -7.50356e-05
log_fdev[1](9)     0.668575  0.000323931
log_fdev[1](10)     0.853248  4.51532e-05
log_fdev[1](11)      1.06294 -0.000582022
log_fdev[1](12)      1.78935  1.49019e-05
log_fdev[1](13)      2.37314  7.01026e-05
log_fdev[1](14)      1.98673 -3.40739e-05
log_fdev[1](15)      1.78661  1.41015e-05
log_fdev[1](16)      1.75133 -2.92072e-05
log_fdev[1](17)     0.372023 -0.000184725
log_fdev[1](18)    -0.633348 -8.50245e-06
log_fdev[1](19)     -1.92963  0.000203564
log_fdev[1](20)    -0.523266 -0.000264716
log_fdev[1](21)     -1.16308 -0.000595353
log_fdev[1](22)    -0.237585 -0.000343874
log_fdev[1](23)     0.908801  1.70638e-05
log_fdev[1](24)      1.53253  0.000128319
log_fdev[1](25)      1.38661  0.000488758
log_fdev[1](26)      1.55846  0.000550257
log_fdev[1](27)      0.91543 -0.000205108
log_fdev[1](28)     0.239697  -0.00058875
log_fdev[1](29)    -0.210835 -0.000290476
log_fdev[1](30)    -0.866328  -0.00179731
log_fdev[1](31)     -2.06492  -0.00244758
log_fdev[1](32)     -1.42288 -0.000311528
log_fdev[1](33)     -1.55588   0.00260337
log_fdev[1](34)     -1.74105   0.00290961
log_fdev[1](35)     -2.17765  0.000751147
log_fdev[1](36)     -1.07362   0.00303003
log_fdev[1](37)     0.435467   0.00287176
log_fdev[1](38)      0.83942   0.00167936
log_fdev[1](39)    -0.943973  -0.00356476
log_fdev[1](40)    -0.762579  -0.00175569
log_fdev[1](41)    -0.974382  -0.00153365
log_fdev[1](42)     -1.24916 -0.000512351
log_fdev[1](43)    -0.919959 -0.000105035
log_fdev[1](44)     -1.16938  -0.00125255
log_fdev[2](1)      -0.3472 -1.12503e-06
log_fdev[2](2)   -0.0813435 -1.64897e-06
log_fdev[2](3)      0.42035 -1.08274e-06
log_fdev[2](4)      0.49216 -7.43719e-07
log_fdev[2](5)    0.0319132 -2.21381e-06
log_fdev[2](6)    -0.439654 -1.16249e-06
log_fdev[2](7)     0.262506  1.00364e-06
log_fdev[2](8)     0.611941  3.83038e-06
log_fdev[2](9)     0.722002  5.61211e-06
log_fdev[2](10)     0.884339  1.06592e-05
log_fdev[2](11)     0.767347  3.64988e-06
log_fdev[2](12)      1.04405  4.82529e-06
log_fdev[2](13)       1.1246  7.30973e-06
log_fdev[2](14)      1.31288  2.25924e-05
log_fdev[2](15)     0.307679  1.35176e-05
log_fdev[2](16)     0.658117  2.38646e-05
log_fdev[2](17)     0.104343  9.93324e-06
log_fdev[2](18)    0.0120889  8.48721e-06
log_fdev[2](19)     0.780747  7.71041e-06
log_fdev[2](20)      0.90284 -4.81785e-07
log_fdev[2](21)   0.00839236 -1.32199e-06
log_fdev[2](22)     -1.49352 -7.49949e-08
log_fdev[2](23)    -0.779536  -1.3459e-06
log_fdev[2](24)    -0.313823 -5.88366e-07
log_fdev[2](25)     -1.46439 -1.16962e-06
log_fdev[2](26)     -2.45891 -6.65675e-07
log_fdev[2](27)      -1.7955  2.87479e-07
log_fdev[2](28)    -0.182091 -9.19947e-06
log_fdev[2](29)   -0.0225652  -2.6324e-05
log_fdev[2](30)    0.0353447 -2.83729e-05
log_fdev[2](31)    -0.515229 -1.24655e-05
log_fdev[2](32)    -0.172469 -7.67902e-06
log_fdev[2](33)    -0.122357 -1.13442e-05
log_fdev[2](34)     0.364709 -1.92831e-05
log_fdev[2](35)     0.115881 -2.00278e-05
log_fdev[2](36)     0.159462 -1.06443e-05
log_fdev[2](37)      1.03293  3.13899e-05
log_fdev[2](38)     0.834778   6.2547e-05
log_fdev[2](39)     0.633469  5.98824e-05
log_fdev[2](40)   0.00557821   2.8252e-05
log_fdev[2](41)  -0.00640302  1.52491e-05
log_fdev[2](42)     0.274645  1.63634e-05
log_fdev[2](43)     -1.57321  1.78259e-06
log_fdev[2](44)     -2.13688 -8.68083e-07
log_fdev[3](1)     -1.11083  2.16677e-07
log_fdev[3](2)     -1.63388  3.11764e-07
log_fdev[3](3)     -1.17643  1.38766e-07
log_fdev[3](4)    -0.810211  8.07956e-07
log_fdev[3](5)      -1.3342  3.35534e-07
log_fdev[3](6)     -1.18028 -1.30212e-07
log_fdev[3](7)     -1.39383  2.59982e-07
log_fdev[3](8)     -1.23451 -7.95219e-08
log_fdev[3](9)    -0.294119  8.38623e-07
log_fdev[3](10)     0.198884  1.24449e-06
log_fdev[3](11)     0.556166  1.91539e-06
log_fdev[3](12)     0.550979  2.74071e-06
log_fdev[3](13)     0.230361  2.40566e-06
log_fdev[3](14)     0.239451  2.09294e-06
log_fdev[3](15)       0.2809  1.53814e-06
log_fdev[3](16)     0.568692  1.52767e-06
log_fdev[3](17)     0.520992  6.97827e-08
log_fdev[3](18)      0.48178 -1.05444e-06
log_fdev[3](19)     0.217454 -2.17592e-07
log_fdev[3](20)     0.680605  1.67109e-06
log_fdev[3](21)     0.613655  3.43058e-06
log_fdev[3](22)     0.697951  1.76486e-06
log_fdev[3](23)     0.665722 -3.59818e-07
log_fdev[3](24)      1.08235  9.51277e-07
log_fdev[3](25)      1.40109   6.8903e-07
log_fdev[3](26)      1.30412  6.88552e-07
log_fdev[3](27)      1.06636  4.14091e-07
log_fdev[3](28)      1.61027 -4.60487e-07
log_fdev[3](29)      1.56331  4.66883e-07
log_fdev[3](30)     0.319226  6.66341e-07
log_fdev[3](31)    0.0691572  8.83203e-07
log_fdev[3](32)    -0.154911  1.12977e-06
log_fdev[3](33)     0.521021  1.66531e-06
log_fdev[3](34)     0.728069  2.00929e-06
log_fdev[3](35)     0.344025  1.11141e-06
log_fdev[3](36)     0.652014 -1.64006e-07
log_fdev[3](37)      2.48102  5.60261e-06
log_fdev[3](38)      2.00847  6.21483e-06
log_fdev[3](39)      1.72438  1.21213e-05
log_fdev[3](40)      2.64022  4.52335e-05
log_fdev[3](41)     0.811642  3.32655e-06
log_fdev[3](42)     0.465887   -5.269e-07
log_fdev[3](43)     0.241416 -8.76528e-07
log_fdev[3](44)    -0.126243  4.38112e-07
log_fdev[3](45)    -0.299904  9.73078e-08
log_fdev[3](46)    -0.783855 -1.20924e-07
log_fdev[3](47)    -0.561444  -5.7437e-08
log_fdev[3](48)    -0.785989  9.15438e-07
log_fdev[3](49)     -1.04877 -3.91987e-07
log_fdev[3](50)     -1.35335  1.22283e-06
log_fdev[3](51)      -1.6453  1.45886e-06
log_fdev[3](52)     -1.29464 -1.20022e-06
log_fdev[3](53)    0.0210834 -4.64368e-06
log_fdev[3](54)    -0.396612 -2.94178e-06
log_fdev[3](55)      -1.7986 -6.31477e-07
log_fdev[3](56)     -1.72218 -1.08283e-06
log_fdev[3](57)     -1.40494 -9.35015e-07
log_fdev[3](58)    -0.420561 -3.90281e-07
log_fdev[3](59)     0.300805  2.01475e-06
log_fdev[3](60)   -0.0068145  7.35065e-06
log_fdev[3](61)   -0.0335003  9.61521e-06
log_fdev[3](62)     0.141537  1.10358e-05
log_fdev[3](63)    -0.526379  2.63498e-06
log_fdev[3](64)     -1.25314   1.7487e-06
log_fdev[3](65)    -0.928701  3.28738e-06
log_fdev[3](66)     -1.28696 -1.55847e-06
log_fdev[4](1)      2.01227  2.54155e-05
log_fdev[4](2)      2.33659  3.42861e-05
log_fdev[4](3)      1.54012  7.97955e-06
log_fdev[4](4)     0.957919  2.87301e-06
log_fdev[4](5)     0.564551  2.25358e-07
log_fdev[4](6)     0.211956 -1.15292e-06
log_fdev[4](7)     0.695037 -3.41896e-06
log_fdev[4](8)     0.443444 -2.31097e-06
log_fdev[4](9)     0.234381  3.69337e-06
log_fdev[4](10)    -0.671642  2.21728e-06
log_fdev[4](11)    0.0512692   3.9084e-06
log_fdev[4](12)     0.411592  5.32904e-06
log_fdev[4](13)    -0.110229   2.7824e-06
log_fdev[4](14)    0.0946247  6.76105e-06
log_fdev[4](15)    -0.176293  8.40982e-06
log_fdev[4](16)    -0.691375  1.50019e-06
log_fdev[4](17)    -0.461974  4.89918e-06
log_fdev[4](18)    -0.161647  6.74223e-06
log_fdev[4](19)     0.792317  2.30699e-05
log_fdev[4](20)     0.995225  3.88091e-05
log_fdev[4](21)     0.731466  3.18024e-05
log_fdev[4](22)       1.0991  3.51496e-05
log_fdev[4](23)     0.973172  1.31885e-05
log_fdev[4](24)      1.20575  2.19718e-06
log_fdev[4](25)      1.01205  1.76639e-07
log_fdev[4](26)     0.832409  5.15866e-07
log_fdev[4](27)     0.468214  2.04863e-06
log_fdev[4](28)     0.577358  2.03379e-06
log_fdev[4](29)     0.936722  -2.8133e-07
log_fdev[4](30)     0.368009  1.10855e-06
log_fdev[4](31)    -0.262477 -1.47106e-06
log_fdev[4](32)   0.00938483  6.60186e-06
log_fdev[4](33)    -0.208623 -1.96497e-05
log_fdev[4](34)    -0.187709 -4.13784e-05
log_fdev[4](35)    -0.293962  -2.4735e-05
log_fdev[4](36)      -0.5675 -1.51254e-05
log_fdev[4](37)    -0.847326 -6.40353e-06
log_fdev[4](38)     -1.18524 -1.45105e-06
log_fdev[4](39)     -1.20738 -6.12503e-07
log_fdev[4](40)     -1.46871  1.13419e-05
log_fdev[4](41)    -0.799443  9.00257e-06
log_fdev[4](42)    -0.635127  9.91637e-06
log_fdev[4](43)    -0.701494  1.59198e-05
log_fdev[4](44)    -0.684939  2.09667e-05
log_fdev[4](45)     -1.10214  1.74445e-05
log_fdev[4](46)    -0.860702   1.7478e-05
log_fdev[4](47)    -0.929921  1.22203e-05
log_fdev[4](48)     -1.08647  1.22253e-05
log_fdev[4](49)    -0.985894  1.66402e-06
log_fdev[4](50)     -1.43614  2.17372e-06
log_fdev[4](51)     -1.83058  1.42714e-06
log_foff[1]     -6.74549 -2.47189e-08
log_foff[2]    -0.500023   2.2278e-08
log_foff[3]    -0.500002  6.17821e-07
log_foff[4]     -6.06662  3.73643e-09
log_fdov[1](1)            0            0
log_fdov[2](1)            0            0
log_fdov[3](1)            0            0
log_fdov[4](1)            0            0
rec_dev_est(1974)    -0.233829 -7.74581e-05
rec_dev_est(1975)      1.04493 -0.000219143
rec_dev_est(1976)     0.159489 -0.000107474
rec_dev_est(1977)    -0.465031 -0.000179826
rec_dev_est(1978)     -1.20879 -0.000161979
rec_dev_est(1979)     -1.42797 -0.000168085
rec_dev_est(1980)     -1.12335 -0.000280695
rec_dev_est(1981)     -1.15325 -0.000225877
rec_dev_est(1982)   -0.0706971 -0.000350234
rec_dev_est(1983)    -0.533804 -0.000173788
rec_dev_est(1984)     -0.33737 -0.000342204
rec_dev_est(1985)    -0.150358 -0.000907978
rec_dev_est(1986)    -0.377629  -0.00131197
rec_dev_est(1987)    -0.935076  -0.00108495
rec_dev_est(1988)     -1.62565 -0.000595368
rec_dev_est(1989)     -2.54601 -0.000205667
rec_dev_est(1990)     -2.53099 -0.000127735
rec_dev_est(1991)     -2.42979 -2.65018e-05
rec_dev_est(1992)     -2.35568 -5.71087e-07
rec_dev_est(1993)     -2.12185 -6.23069e-06
rec_dev_est(1994)     -1.64165 -1.43166e-05
rec_dev_est(1995)     -1.96575 -1.13287e-05
rec_dev_est(1996)      -1.1717 -3.22646e-05
rec_dev_est(1997)     -1.96758  2.04594e-06
rec_dev_est(1998)    -0.607028  0.000169276
rec_dev_est(1999)     -1.57019   0.00040435
rec_dev_est(2000)    -0.311319   0.00278134
rec_dev_est(2001)     -1.38408  0.000936751
rec_dev_est(2002)    -0.280148   0.00199599
rec_dev_est(2003)     -1.09917  0.000620027
rec_dev_est(2004)     -2.12356  0.000204929
rec_dev_est(2005)     -2.20522  0.000251141
rec_dev_est(2006)     -1.93545   0.00032894
rec_dev_est(2007)     -1.12427  0.000313008
rec_dev_est(2008)    -0.131644  -0.00176415
rec_dev_est(2009)     -1.28373  -0.00145015
rec_dev_est(2010)     -2.06965 -0.000940479
rec_dev_est(2011)     -3.09928 -0.000347052
rec_dev_est(2012)     -2.25031 -0.000540067
rec_dev_est(2013)     -2.80999 -0.000292094
rec_dev_est(2014)      -2.7965 -0.000228904
rec_dev_est(2015)      -2.0739 -0.000271232
rec_dev_est(2016)    -0.494844 -0.000828147
rec_dev_est(2017)      -1.1963 -0.000233319
rec_dev_est(2018)    -0.817842 -6.57699e-05
rec_dev_est(2019)     -1.96836  2.30744e-07
rec_dev_est(2020)    -0.076751  6.97271e-07
rec_dev_est(2021)     0.365259  2.82484e-08
rec_dev_est(2022)     0.137067 -5.57523e-07
rec_dev_est(2023)     -1.09946 -2.64261e-07
survey_q[1]     0.817197 -1.67254e-07
survey_q[2]     0.711859  -9.2441e-07
